.Random.seed <-
c(403L, 10L, 327653094L, -1581507216L, -1939233133L, 1681588017L, 
1038501344L, -118087042L, 2145456393L, -1763069125L, 810715914L, 
-1044659476L, -1158529169L, 1604673701L, 1349536348L, -833197518L, 
2088878381L, 1864320999L, -133017842L, 953770216L, -206433557L, 
2038774665L, 251979544L, -256447930L, -1581774175L, -975737549L, 
1667052706L, 1913273236L, -1023344105L, -569080307L, -903732444L, 
1543970570L, -1702186379L, -2106510897L, -787416362L, -2055856512L, 
2056126659L, 1844764257L, -1770285360L, -1683804114L, -727697959L, 
741984747L, -1732920230L, 1530799644L, 529712927L, 1441749877L, 
-1193688564L, -706210846L, -219692867L, -2056163529L, -1883744290L, 
-161176296L, 806946939L, -228643303L, -2141829464L, -465484714L, 
556925137L, -519889789L, 313802514L, 1258621604L, -1242212761L, 
247678909L, 505485620L, 717953690L, -1089218331L, 182192767L, 
-1784376314L, -462960752L, -1620080077L, -680697391L, -1993833600L, 
346938974L, -755440215L, -589208485L, 1515109482L, -1508170484L, 
569567055L, -1644948475L, -1833096516L, 1710070674L, 350836877L, 
468737735L, 1708275630L, -952819192L, -1532361205L, -388018455L, 
128436664L, -708073882L, 499491585L, -423369325L, 1269972546L, 
-1331887628L, -1736221705L, 1733418989L, 824273028L, -512389462L, 
496935957L, -894552913L, 1641003702L, 298744032L, -915078109L, 
1421851457L, 2091886128L, -406686642L, 399121593L, -1248536373L, 
1967465850L, -778332036L, 550005951L, -1237735019L, 958931372L, 
1770771330L, -2052843171L, 1958352983L, -714289346L, -1229981832L, 
1792089179L, -26883143L, 381368840L, -1273356106L, -1654171663L, 
1743454755L, -1257493902L, 1275343044L, 1184749191L, 1364643421L, 
439464020L, -1845013894L, -142644795L, 600349471L, -1226565978L, 
1036814384L, 490101459L, -534433551L, -1899611104L, -861033794L, 
710647497L, -1135707013L, -1389047222L, -1689196884L, 1776738735L, 
919439717L, 893032220L, 1745623922L, -1019987987L, -1377159129L, 
-1581465522L, 2093622440L, 1070221995L, 1302331337L, 491181016L, 
1717629574L, -99638431L, 1282352883L, -2135729822L, 1568532436L, 
-1303784745L, 1574992077L, 443093092L, -1729692086L, 73132981L, 
-366864625L, -923376618L, -355365184L, 1691916419L, 1651766433L, 
854940304L, -440546962L, -1479366887L, 1299602347L, -514201190L, 
453143900L, -137444257L, 702938165L, 1029072844L, -1455475934L, 
-112431747L, 1803320951L, 2012030878L, 1664927320L, 901181371L, 
-1313423015L, -797902104L, -810253546L, 789447825L, 1041029443L, 
1082258514L, -940521756L, -900300505L, 1485959549L, 1017641076L, 
-675792294L, 1473631909L, -1191050049L, -1041377466L, 592909776L, 
1820706803L, 1912766225L, -666403008L, -1232845026L, -2119600151L, 
2018139419L, -1788283094L, 627574860L, -1412300785L, 624151365L, 
-1190568708L, 1985178450L, -732877619L, -478933881L, -255109266L, 
-654497464L, 1790905675L, 784814249L, 33952248L, -1514217178L, 
-1831730623L, 1692249043L, -126133886L, 504720820L, -523060937L, 
-1474188243L, 639736132L, 568118890L, -1507972907L, 882755183L, 
505680758L, -540851040L, 1998216547L, -1952544832L, -2081555140L, 
1361145488L, 43680802L, -348426232L, -1308566388L, -1220030436L, 
-1599384430L, -396743552L, -466861036L, 1892885288L, 2099123258L, 
-1059091248L, -1137109908L, -1365670220L, 527716370L, 754212832L, 
515058636L, 514350560L, 1401691170L, -1643174616L, -1170319092L, 
1802300988L, -1372703502L, -1012324112L, 1118627652L, 296538200L, 
-1038794182L, 1539143920L, 530928316L, 1998748180L, -2129531710L, 
886040160L, -1649805956L, -1782483760L, 213361698L, 99772584L, 
-1835872884L, 690213308L, 128129074L, 415630144L, 1814040244L, 
-1790615224L, 29172410L, 299597584L, -1653907220L, 449292372L, 
-1919482094L, 1832952224L, -1882921012L, -1566572704L, -267920190L, 
1093955112L, -348579412L, -1508359364L, -1165241486L, -2068689104L, 
77586468L, 1804316216L, 220484314L, -157223024L, 696481020L, 
454753684L, 240202562L, 110610944L, -811661252L, 772878928L, 
-86085470L, 1369105224L, 1005357580L, 1998256860L, -1100631982L, 
-194163584L, -2046720172L, -1995427864L, -2069036294L, 1647626064L, 
1315644460L, -1081878156L, 1572245138L, -1824218528L, -912117620L, 
1355559264L, -289138462L, -2082337624L, -837171508L, -741926404L, 
-646726734L, -2120317968L, -2056793660L, 118541656L, 921706874L, 
-1089187408L, -1488557636L, -2047590828L, -926246462L, -1944231136L, 
1111946172L, 1320874064L, 1543830498L, -445046936L, -1508673716L, 
-632672516L, -686278926L, -312394496L, -1939641228L, -1593373176L, 
-1507662406L, -188090928L, 338606060L, 995470228L, 1562527954L, 
1475363936L, -292205236L, -277474528L, -612787582L, -1229225496L, 
-346514452L, 1663204924L, 622265970L, 1482427248L, 808893732L, 
-870671816L, 656978330L, -1935053360L, -1416108612L, 1200221844L, 
591110786L, 2040774080L, 12031804L, -553020784L, -1257425118L, 
1451783688L, -1759468788L, -260840548L, -2056168430L, 1487350656L, 
-9045228L, -1055034072L, 1244172346L, -1825831984L, 520583788L, 
320195636L, -737357678L, 2027616608L, 62725452L, -1131473440L, 
2025331618L, -4703320L, 2031459468L, 917418940L, 429450354L, 
2004068336L, 1842594884L, 1569826904L, 1411964986L, -583030672L, 
-127132100L, -532486380L, -530134334L, 1204343520L, -412285828L, 
-535655216L, 2042008482L, -1045672408L, -2003001076L, 1085638588L, 
928067890L, 79853760L, 118059572L, 1244535496L, 602374842L, -962245488L, 
-858028308L, 1265358420L, 1866655378L, -1037269216L, 1074026444L, 
-1980020512L, -2084778302L, 755766312L, -1214055508L, -1327715652L, 
287523314L, -721025488L, -1876338780L, 629645752L, 274578266L, 
-802351984L, -2081006724L, -804921580L, -1754817214L, 852381440L, 
1030740924L, -773210288L, 962404642L, 269863496L, -1950459892L, 
1116802140L, 110858706L, 1313895936L, 8319316L, 1710817512L, 
579645690L, 157034192L, 403573036L, 203413748L, -119575150L, 
352069984L, -2137528308L, -1993962784L, 1397326434L, -2049918296L, 
-9487796L, 1984014204L, 1878142258L, 79332976L, 842382148L, 570181592L, 
-1091289222L, -1947185616L, 635172796L, 1855567444L, 939305026L, 
-1830412128L, -518476100L, -989132336L, -211850589L, 1666798244L, 
966935378L, -1817032025L, -1913571599L, 2005276214L, -470582572L, 
1434652261L, -1003340689L, 335824552L, 2054308870L, -1195617997L, 
-1712927339L, 2036294130L, -2023731648L, -1823297623L, 863400475L, 
-2110518292L, 301714426L, -1876154321L, -225662919L, 61094478L, 
914561692L, 706052109L, -23503753L, -1315210112L, 625851102L, 
1852631467L, 2130256557L, -1407322342L, 1119070168L, 868525121L, 
712438515L, 1349694740L, -194387806L, -2109358665L, 309244289L, 
861112198L, 527689156L, -1678265099L, 1284390239L, -1844908104L, 
-543579498L, -1272148829L, 170870373L, 110240642L, 34996464L, 
981985433L, 1760592011L, 908650876L, -1848092758L, 1974536159L, 
444843369L, 53926270L, -173364884L, 1710805437L, -1348820345L, 
-1944521104L, 1770216718L, -1667866053L, -1061508835L, -117695542L, 
1700549864L, -906721327L, 1485248963L, 1466614468L, 1598513522L, 
1420659783L, 1833918481L, -216364650L, 1011838196L, 1698449029L, 
-1245622321L, 154246856L, -1674881178L, 1676217747L, 1792839413L, 
-536424750L, -1537361632L, -1191880439L, -1868558789L, 2006131596L, 
714482202L, 1465148047L, -457839143L, 240267886L, -99442180L, 
302469997L, -141263593L, 147437792L, 1538858686L, -2006987637L, 
-486855923L, 1660107578L, -820874376L, 675356961L, -242726445L, 
-1780811532L, 948083074L, -145609705L, -310813983L, 240346150L, 
-780476124L, 242016725L, -239182465L, 36594712L, -990999754L, 
36408771L, -1539067L, -1019019358L, 1532910480L, -1326866631L, 
68914155L, 192396508L, -2126461686L, 1652722687L, -1790202295L, 
456293342L, 300295052L, -2119220387L, 25076583L, -1570846576L, 
-940927314L, -229395621L, -2040085699L, 293685674L, 81077832L, 
-1972431247L, 1404151779L, -330657052L, -1141683694L, 509246951L, 
1713465777L, 602660854L, -750910956L, 1193307429L, 747208239L, 
1600048104L, -1911579450L, -1563145869L, -2138590763L, -326957646L, 
1532205952L, 125321065L, 759919579L, -286835924L, -771300038L, 
